"date","CumConfirmed","CumDeaths","NewConfirmed","NewDeaths"
2020-01-22,0,0,0,0
2020-01-23,0,0,0,0
2020-01-24,0,0,0,0
2020-01-25,0,0,0,0
2020-01-26,0,0,0,0
2020-01-27,0,0,0,0
2020-01-28,0,0,0,0
2020-01-29,0,0,0,0
2020-01-30,0,0,0,0
2020-01-31,2,0,2,0
2020-02-01,2,0,0,0
2020-02-02,2,0,0,0
2020-02-03,8,0,6,0
2020-02-04,8,0,0,0
2020-02-05,9,0,1,0
2020-02-06,9,0,0,0
2020-02-07,9,0,0,0
2020-02-08,13,0,4,0
2020-02-09,14,0,1,0
2020-02-10,14,0,0,0
2020-02-11,15,0,1,0
2020-02-12,16,0,1,0
2020-02-13,17,0,1,0
2020-02-14,18,0,1,0
2020-02-15,18,0,0,0
2020-02-16,18,0,0,0
2020-02-17,19,0,1,0
2020-02-18,19,0,0,0
2020-02-19,20,0,1,0
2020-02-20,22,0,2,0
2020-02-21,23,0,1,0
2020-02-22,23,0,0,0
2020-02-23,28,0,5,0
2020-02-24,30,0,2,0
2020-02-25,34,0,4,0
2020-02-26,37,0,3,0
2020-02-27,44,0,7,0
2020-02-28,56,0,12,0
2020-02-29,61,0,5,0
2020-03-01,94,0,33,0
2020-03-02,134,0,40,0
2020-03-03,189,0,55,0
2020-03-04,246,0,57,0
2020-03-05,295,0,49,0
2020-03-06,374,1,79,1
2020-03-07,429,2,55,1
2020-03-08,483,2,54,0
2020-03-09,630,3,147,1
2020-03-10,889,7,259,4
2020-03-11,1301,7,412,0
2020-03-12,1790,9,489,2
2020-03-13,2270,10,480,1
2020-03-14,2634,29,364,19
2020-03-15,3077,43,443,14
2020-03-16,3692,66,615,23
2020-03-17,4462,83,770,17
2020-03-18,5467,117,1005,34
2020-03-19,6533,163,1066,46
2020-03-20,7791,195,1258,32
2020-03-21,9006,253,1215,58
2020-03-22,10395,289,1389,36
2020-03-23,12744,365,2349,76
2020-03-24,15126,513,2382,148
2020-03-25,17843,704,2717,191
2020-03-26,20970,886,3127,182
2020-03-27,24219,1174,3249,288
2020-03-28,27062,1466,2843,292
2020-03-29,29954,1679,2892,213
2020-03-30,34281,2053,4327,374
2020-03-31,38815,2457,4534,404
2020-04-01,43789,3130,4974,673
2020-04-02,48718,3787,4929,657
2020-04-03,53699,4524,4981,737
2020-04-04,57772,5281,4073,757
2020-04-05,61422,5882,3650,601
2020-04-06,66738,6452,5316,570
2020-04-07,72224,7557,5486,1105
2020-04-08,77387,8589,5163,1032
2020-04-09,82293,9706,4906,1117
2020-04-10,86660,10829,4367,1123
2020-04-11,90273,11673,3613,844
2020-04-12,93812,12330,3539,657
2020-04-13,98017,13055,4205,725
2020-04-14,102365,14135,4348,1080
2020-04-15,107465,15019,5100,884
2020-04-16,112808,16059,5343,1040
2020-04-17,117798,16973,4990,914
2020-04-18,122534,18081,4736,1108
2020-04-19,126394,18514,3860,433
2020-04-20,131260,19090,4866,576
2020-04-21,136035,20314,4775,1224
2020-04-22,141540,21171,5505,857
2020-04-23,146708,21855,5168,684
2020-04-24,151689,22873,4981,1018
2020-04-25,155453,23689,3764,816
2020-04-26,158926,24053,3473,364
2020-04-27,163630,24376,4704,323
2020-04-28,168357,25347,4727,971
2020-04-29,173807,26118,5450,771
2020-04-30,178771,26754,4964,636
2020-05-01,183501,27454,4730,700
2020-05-02,186731,28039,3230,585
2020-05-03,189708,28292,2977,253
2020-05-04,193091,28565,3383,273
2020-05-05,196780,29290,3689,725
2020-05-06,200616,29937,3836,647
2020-05-07,204387,30395,3771,458
2020-05-08,207439,30975,3052,580
2020-05-09,209589,31250,2150,275
2020-05-10,211911,31467,2322,217
2020-05-11,215500,31655,3589,188
2020-05-12,218895,32270,3395,615
2020-05-13,222195,32718,3300,448
2020-05-14,224813,33071,2618,353
2020-05-15,227334,33422,2521,351
2020-05-16,229406,33833,2072,411
2020-05-17,231232,33900,1826,67
2020-05-18,233809,34046,2577,146
2020-05-19,236867,34547,3058,501
2020-05-20,239579,34876,2712,329
2020-05-21,242133,35149,2554,273
2020-05-22,244174,35440,2041,291
2020-05-23,245682,35660,1508,220
2020-05-24,247037,36039,1355,379
2020-05-25,248650,36143,1613,104
2020-05-26,250309,36274,1659,131
2020-05-27,252118,36696,1809,422
2020-05-28,253854,37039,1736,343
2020-05-29,255362,37313,1508,274
2020-05-30,256469,37467,1107,154
2020-05-31,257539,37527,1070,60
2020-06-01,258983,37613,1444,86
2020-06-02,260453,37863,1470,250
2020-06-03,261802,38117,1349,254
2020-06-04,263040,38247,1238,130
2020-06-05,264150,38505,1110,258
2020-06-06,264944,38648,794,143
2020-06-07,265662,38702,718,54
2020-06-08,266756,38749,1094,47
2020-06-09,267915,38946,1159,197
2020-06-10,269101,39110,1186,164
2020-06-11,270108,39186,1007,76
2020-06-12,271162,39317,1054,131
2020-06-13,272050,39424,888,107
2020-06-14,272857,39451,807,27
2020-06-15,273888,39480,1031,29
2020-06-16,274971,39600,1083,120
2020-06-17,275970,39710,999,110
2020-06-18,276990,39777,1020,67
2020-06-19,277974,39861,984,84
2020-06-20,278640,39932,666,71
2020-06-21,279264,39963,624,31
2020-06-22,280156,39976,892,13
2020-06-23,281038,40070,882,94
2020-06-24,281815,40157,777,87
2020-06-25,282512,40256,697,99
2020-06-26,283151,40333,639,77
2020-06-27,283785,40373,634,40
2020-06-28,284192,40404,407,31
2020-06-29,284812,40425,620,21
2020-06-30,285216,40479,404,54
2020-07-01,285279,40576,63,97
2020-07-02,285285,40617,6,41
2020-07-03,285787,40666,502,49
2020-07-04,286412,40698,625,32
2020-07-05,286931,40717,519,19
2020-07-06,287290,40728,359,11
2020-07-07,287874,40782,584,54
2020-07-08,288511,40839,637,57
2020-07-09,289154,40870,643,31
2020-07-10,289678,40904,524,34
2020-07-11,290504,40921,826,17
2020-07-12,291154,40930,650,9
2020-07-13,291691,40940,537,10
2020-07-14,292931,40984,1240,44
2020-07-15,293469,41010,538,26
2020-07-16,294116,41034,647,24
2020-07-17,294803,41060,687,26
2020-07-18,295632,41069,829,9
2020-07-19,296358,41080,726,11
2020-07-20,296944,41090,586,10
2020-07-21,297389,41115,445,25
2020-07-22,297952,41132,563,17
2020-07-23,298731,41141,779,9
2020-07-24,299500,41173,769,32
2020-07-25,300270,41188,770,15
2020-07-26,301020,41196,750,8
2020-07-27,301708,41199,688,3
2020-07-28,302261,41220,553,21
2020-07-29,303063,41254,802,34
2020-07-30,303910,41254,847,0
2020-07-31,304793,41274,883,20
2020-08-01,305562,41287,769,13
2020-08-02,306309,41292,747,5
2020-08-03,307251,41293,942,1
2020-08-04,307926,41311,675,18
2020-08-05,308832,41325,906,14
2020-08-06,309796,41343,964,18
2020-08-07,310696,41355,900,12
2020-08-08,311461,41358,765,3
2020-08-09,312574,41363,1113,5
2020-08-10,313392,41381,818,18
2020-08-11,314542,41394,1150,13
2020-08-12,315581,41414,1039,20
2020-08-13,316729,41432,1148,18
2020-08-14,318190,41443,1461,11
2020-08-15,319232,41446,1042,3
2020-08-16,320343,41451,1111,5
2020-08-17,321064,41454,721,3
2020-08-18,322177,41466,1113,12
2020-08-19,323008,41483,831,17
2020-08-20,324203,41489,1195,6
2020-08-21,325263,41491,1060,2
2020-08-22,326595,41509,1332,18
2020-08-23,327643,41515,1048,6
2020-08-24,328620,41519,977,4
2020-08-25,329821,41535,1201,16
2020-08-26,330967,41552,1146,17
2020-08-27,332509,41564,1542,12
2020-08-28,333806,41573,1297,9
2020-08-29,334916,41585,1110,12
2020-08-30,336668,41586,1752,1
2020-08-31,338083,41589,1415,3
2020-09-01,339415,41592,1332,3
2020-09-02,340929,41602,1514,10
2020-09-03,342708,41616,1779,14
2020-09-04,344686,41626,1978,10
2020-09-05,346513,41638,1827,12
2020-09-06,349500,41640,2987,2
2020-09-07,352451,41643,2951,3
2020-09-08,354932,41675,2481,32
2020-09-09,357613,41683,2681,8
2020-09-10,360544,41697,2931,14
2020-09-11,364088,41703,3544,6
2020-09-12,367592,41712,3504,9
2020-09-13,370930,41717,3338,5
2020-09-14,373555,41726,2625,9
2020-09-15,376670,41753,3115,27
2020-09-16,380677,41773,4007,20
2020-09-17,384087,41794,3410,21
2020-09-18,388416,41821,4329,27
2020-09-19,392845,41848,4429,27
2020-09-20,396744,41866,3899,18
2020-09-21,401122,41877,4378,11
2020-09-22,406058,41914,4936,37
2020-09-23,412245,41951,6187,37
2020-09-24,418889,41991,6644,40
2020-09-25,425767,42025,6878,34
2020-09-26,431817,42060,6050,35
2020-09-27,437517,42077,5700,17
2020-09-28,441573,42090,4056,13
2020-09-29,448729,42162,7156,72
2020-09-30,455846,42233,7117,71
2020-10-01,462775,42292,6929,59
2020-10-02,469769,42358,6994,66
2020-10-03,482654,42407,12885,49
2020-10-04,505619,42440,22965,33
2020-10-05,518222,42459,12603,19
2020-10-06,532779,42535,14557,76
2020-10-07,546952,42605,14173,70
2020-10-08,564502,42682,17550,77
2020-10-09,578390,42769,13888,87
2020-10-10,593565,42850,15175,81
2020-10-11,606447,42915,12882,65
2020-10-12,620458,42965,14011,50
2020-10-13,637708,43108,17250,143
2020-10-14,657459,43245,19751,137
2020-10-15,676455,43383,18996,138
2020-10-16,692112,43519,15657,136
2020-10-17,708298,43669,16186,150
2020-10-18,725292,43736,16994,67
2020-10-19,744122,43816,18830,80
2020-10-20,765487,44057,21365,241
2020-10-21,792194,44248,26707,191
2020-10-22,813451,44437,21257,189
2020-10-23,834010,44661,20559,224
2020-10-24,857043,44835,23033,174
2020-10-25,876840,44986,19797,151
2020-10-26,897740,45088,20900,102
2020-10-27,920664,45455,22924,367
2020-10-28,945378,45765,24714,310
2020-10-29,968456,46045,23078,280
2020-10-30,992874,46319,24418,274
2020-10-31,1014793,46645,21919,326
2020-11-01,1038054,46807,23261,162
2020-11-02,1057021,46943,18967,136
2020-11-03,1077099,47340,20078,397
2020-11-04,1102305,47832,25206,492
2020-11-05,1126469,48210,24164,378
2020-11-06,1149791,48565,23322,355
2020-11-07,1174770,48978,24979,413
2020-11-08,1195350,49134,20580,156
2020-11-09,1216747,49329,21397,195
2020-11-10,1237198,49861,20451,532
2020-11-11,1260198,50457,23000,596
2020-11-12,1293715,51020,33517,563
2020-11-13,1321031,51396,27316,376
2020-11-14,1347907,51858,26876,462
2020-11-15,1372884,52026,24977,168
2020-11-16,1394299,52240,21415,214
2020-11-17,1414359,52839,20060,599
